320000
091440
276730
024740
005860
007770
198940
058450
079170
054920
457370
002680
098070
455310
498390
034810
03481K
059270
076610
220180
900270
084990
170030
052260
048410
016790
041440
187660
039010
090850
460930
092300
138360
308100
011080
064240
039610
126640
127980
061250
097870
290270
353190
090710
078590
205470
115160
028080
175140
065510
263920
243070
084110
024060
010240
189980
037440
238490
006840
001465
001460
011155
011150
000590
012030
016610
001530
155660
069730
017860
007700
097230
035000
003560
015360
432320
009070
003620
001390
033180
001940
025000
092230
000040
093050
000680
023150
338100
034310
008260
004255
004250
456040
001380
001770
002360
009160
123700
025530
001515
001510
003570
100840
005610
465770
011810
084870
024070
000500
000860
011420
002100
267290
012320
000050
214390
012610
009140
013580
012205
012200
002140
002240
009290
017040
017900
037710
030610
001140
002720
083420
014530
014285
014280
008870
001570
214330
001210
092440
013700
004545
004540
001260
008355
008350
004270
003925
003920
025860
005725
005720
092790
090355
090350
005257
005250
072710
058730
030210
023590
145210
006370
00806K
008060
000490
008110
005750
006570
084695
084690
128820
117580
016710
0030R0
009190
014160
003090
000430
006345
006340
003220
024890
002880
015230
012800
001070
001795
001790
001130
003830
016090
069460
475560
004835
004830
002150
460850
001230
004140
007590
005965
005960
026960
002210
102260
028100
001525
001527
084670
001520
018500
030720
014825
014820
111380
163560
004890
002690
000020
454910
016740
024090
092200
004840
000300
007340
024900
013570
210540
092780
015590
000400
027740
357430
001080
090370
118000
017180
317450
012690
070960
009680
009200
033920
008420
025560
007120
396690
094800
357250
002840
268280
107590
134380
003650
377740
003610
002410
007210
002760
003850
000890
003000
001275
001270
026940
011390
005030
006740
002070
100220
003960
008040
007160
014710
006090
001470
006660
001360
068290
006110
145995
145990
002170
272550
000070
002810
003720
023000
004380
002450
004440
000520
009770
010960
004450
009470
011230
000390
001290
041650
075180
007540
248170
007860
200880
017390
031210
004415
004410
021050
008490
007610
002820
136490
014915
014910
011300
000180
002420
004365
004360
004490
019440
013000
021820
067830
004430
017550
126720
204210
026890
134790
000480
016590
004970
035510
006880
005800
001720
009270
002700
002870
019175
019170
481850
404990
004080
102280
004770
004920
480370
308170
008700
002795
00279K
002790
002030
002310
012170
267850
020560
122900
031820
139990
009320
001780
161000
011090
137310
003080
010580
033530
004060
006125
006120
023960
298690
078520
015260
140910
039570
089470
002460
487570
003580
003060
007460
450080
019490
400760
085310
900140
014440
003520
000670
012280
012160
002630
005320
037270
011690
006980
105840
010400
049800
016880
005820
010600
008600
446070
047400
000910
011330
077500
002920
000700
003475
003470
072130
000225
000227
000220
001200
003465
003460
008730
008250
025820
457190
005950
015020
074610
102460
084680
350520
000760
014990
101140
006490
023800
034590
129260
023810
000230
013360
003120
003200
007110
007575
007570
008500
081000
020760
015860
226320
317400
000950
079900
348950
025620
271980
001560
002620
006220
004910
004700
001550
462520
120030
018470
002600
063160
001630
109070
023450
044380
001250
013870
088790
003780
010640
100250
051630
002785
002787
002780
009310
000650
033250
006380
001620
008970
009440
029460
119650
044450
092220
145270
058850
058860
044820
005420
071950
002025
45014K
450140
002020
024720
192400
284740
26490K
264900
005745
005740
020120
014580
015890
006890
003240
011280
004105
004100
009410
009415
001420
055490
078000
214420
019180
002900
36328K
363280
004870
007980
005690
036580
004720
010820
016800
001020
090080
010770
022100
058430
005810
950210
009810
293480
071090
000145
000140
005430
010040
010100
004090
002200
002960
033270
006200
027970
023350
025890
000970
152550
123690
003350
011500
002390
008930
003680
069640
004710
025750
004960
011700
001755
001750
014130
002220
006390
003300
130660
003480
18064K
180640
005110
009460
372910
45226K
452260
003535
003530
101530
143210
004560
004310
017800
001500
227840
126560
093240
003010
111110
378850
006060
013520
010690
133820
010660
000850
032560
094280
298000
005870
079980
005010
000545
000540
003280
098120
009520
058820
050120
024850
024120
044180
086960
079940
078890
399720
198440
217730
114190
094480
039240
053950
011040
024910
049720
014570
348150
950190
035290
121440
366030
014200
029480
026910
456490
465320
482520
489210
0041B0
053270
066620
043650
006050
060480
078130
307750
035080
318060
900290
453450
204020
0015G0
402490
114450
186230
083450
900070
204620
019660
053260
036190
049080
420770
035460
407400
187790
286750
247660
039860
091970
417010
405920
051490
137080
190510
242040
459510
293580
138610
267320
111710
091590
168330
094860
253590
212560
042420
950220
311390
085910
290660
306620
153460
007390
033640
330860
351320
089140
137940
160550
396270
225570
205500
217270
104620
285490
145170
106520
376930
486990
142280
234690
154030
054050
403490
069140
040160
332290
348340
380550
060260
463020
123840
012340
462310
270870
144960
085670
064260
340360
039560
154040
032190
323350
068240
464580
020400
008830
048470
004780
017650
389260
317850
290670
078140
065150
036480
027830
104040
129920
457630
471050
478780
482690
020180
045390
007680
005710
120240
003310
393970
096350
140520
131220
054670
021040
021045
067080
043090
298540
032860
299170
089230
462860
224060
013720
317330
077360
090410
263600
373160
263800
206560
261200
484120
067990
006620
005160
303810
075970
100130
099410
025950
088130
041930
060380
079960
228340
088910
094170
013120
109860
032960
023790
005290
073190
030350
203650
223250
060570
362990
016670
187870
477760
489730
0004Y0
110990
263690
214680
347850
241520
109740
031860
290120
025440
196490
066900
180400
092070
068790
219550
310870
104460
079810
113810
043360
099520
197140
033130
060900
105740
263020
290550
066670
187220
383930
131180
315640
317120
462510
042510
232680
418420
300120
171120
388790
214260
171010
084650
217500
038390
294140
228670
412350
199550
281740
277810
215100
090360
900260
067730
071280
376900
214610
328130
038060
016100
012700
302550
073570
377450
277070
042500
193250
474650
219420
439090
195500
377480
424980
169330
038290
267980
005990
100590
067280
072870
133750
446540
235980
041920
014100
054180
078160
021880
140410
241770
059210
058110
434480
080420
417970
087260
101330
012860
363260
348030
250060
288980
142760
033200
333050
118990
463480
006920
001810
279600
095500
254490
218150
100790
448830
477380
477470
478440
482680
049950
207760
059090
201490
475460
452200
206640
018700
035620
301300
064550
314930
489460
086820
038460
251120
199730
086040
188040
099430
032980
308080
323990
267790
046310
331520
199480
438700
066410
206400
019010
177350
457600
424760
250000
006910
226340
008470
014470
406820
099390
064480
365900
251630
478560
439580
033560
369370
121800
082800
318410
419540
200780
413640
141000
139050
473370
065170
086670
335890
230980
126600
054220
042370
050090
148780
307870
377030
032850
049470
238200
093190
065450
044480
069540
072950
451250
143240
466410
223310
419120
122350
419050
014970
018310
053700
009620
023600
0044K0
0071M0
009300
482630
484590
036670
060310
361670
054540
065570
014950
032280
002290
037460
032750
054090
000250
024950
437730
017480
046390
027580
038540
452670
091580
263810
042940
042600
107600
411080
252990
378800
294630
038070
079650
100660
019770
043710
092190
063170
027040
018680
036120
093920
189860
122690
140070
011370
065710
035890
357550
003100
067370
217620
086710
037350
458650
081580
045300
015750
080470
043260
061090
188260
053060
340440
017510
011560
396300
100700
024830
258830
036630
039310
067770
222810
252500
321370
347000
331920
352770
471820
049180
299660
108860
208370
318160
308430
068760
068940
007720
290690
950200
032680
032685
258790
066910
215090
035610
036830
304100
328380
086980
050960
084180
253840
298830
094840
192440
424960
099440
357880
276040
060240
115570
330730
352090
204630
408900
415380
013810
347700
049830
020710
033170
048870
025320
340810
269620
056090
429270
418250
131090
290520
001000
025870
215600
065350
416180
162300
290560
002800
472220
017000
012790
138070
226330
452980
474660
474930
487360
487830
496070
056700
187270
036710
444530
234030
160980
356890
217330
208640
222420
081180
049960
088280
394800
177900
475400
109670
066790
222080
264660
352700
056730
065770
297090
083660
900120
359090
115530
115480
376290
189330
311690
083790
101240
060590
260930
413630
013990
123860
025980
125210
074430
092040
083930
036010
050860
136410
246720
067390
159010
127710
227610
331740
143160
054800
332370
066430
339950
469750
448760
467930
469480
460470
461300
289010
214430
040910
368600
052860
464500
212710
038880
307180
101390
461030
052220
451220
090150
123010
031310
462980
185490
059100
262840
175250
052460
119830
052770
124500
010280
232830
372800
309710
027360
032080
013310
059120
203690
158430
200350
321820
001540
053800
065660
297570
260660
354320
361570
131370
140670
096610
474610
061040
148250
347860
123750
459550
085810
043100
117670
314140
291650
293780
179530
397810
900100
052790
290740
238090
092600
129890
174900
109960
270520
255440
030960
102120
238120
019990
435570
270660
038680
217480
121890
099220
304360
289080
389500
019550
042110
246960
298060
065420
103230
260970
095910
275630
031330
060540
0008Z0
091340
246250
063440
460870
048550
007820
464080
109610
365330
306040
016250
184230
040610
255220
398120
457940
472230
473000
473950
455910
475660
096630
069510
488280
234300
098660
052020
050760
288620
443670
317830
043340
163280
054630
200710
475580
096690
203400
195990
003800
088800
241840
364950
453860
312610
172670
481070
295310
297890
440290
078150
072990
225530
060560
036640
044990
028300
278650
067630
187420
047920
115450
046210
196300
239610
036170
462020
477340
148930
376270
044780
357230
355690
071670
045660
224110
021080
200470
262260
054620
211270
230240
159910
038870
097780
448280
101360
128540
086520
383310
038110
073540
064850
214270
036810
173940
083500
054940
950130
373110
205100
356680
070300
317770
373200
069920
092870
317870
067570
236810
333620
101400
475230
078860
451700
466910
481890
104200
265740
354200
455900
419080
208860
183490
182400
348370
069410
227950
291230
222160
048830
096870
061970
309960
156100
0041J0
060370
417200
078020
322180
073110
083310
037950
225190
489500
170920
476080
058630
226590
373170
179290
009780
123040
432980
413390
032790
033160
347890
033310
259630
105550
060850
143540
265560
036000
250930
053280
122640
476040
900300
045060
192410
080520
039830
046120
475830
065500
010470
417860
352910
053980
036220
052420
052300
031510
342870
368970
138080
080580
067170
353590
173130
049480
394280
382150
244460
057540
131030
082210
109080
380540
153710
051390
432430
338840
057030
232140
065530
067900
007530
155650
273640
251370
209640
096250
273060
019210
040300
079000
032820
041190
046970
082850
215360
072470
073560
037400
153490
101170
066590
103840
101970
046940
215380
065680
018620
457550
396470
307280
032940
014190
217820
030530
012620
136150
382840
376980
008370
008290
101160
336060
095270
289930
065950
076080
043590
196700
479960
377460
044340
330350
348350
101730
123420
065370
038620
299900
036090
459100
136540
097800
192390
335870
900340
018000
203450
011320
241690
142210
389680
088340
048430
089850
084440
032620
264450
078070
024800
054930
069330
049520
444920
446150
450940
473050
474490
493790
263770
388720
340930
023410
468760
488060
056080
240600
221800
263050
191410
372170
146060
072770
039020
067920
044960
303530
296640
302430
274400
215790
344860
469610
088390
053350
452400
264850
054210
009730
065440
424870
115610
478110
131400
351330
086890
047560
900110
239340
067010
418620
456070
041520
063760
123570
083470
095190
091120
294090
245620
088290
037370
099750
377330
035810
134060
001840
041830
352940
079950
389470
277410
060150
033230
450520
465480
037330
100030
083640
064090
216050
119610
017250
287840
150840
048530
115310
039290
071200
101930
333430
068330
178780
019540
094820
950140
049550
389020
254120
043910
234920
289220
174880
049630
417840
110020
208140
040420
045510
217190
095700
122310
361390
225220
123330
381620
159580
147830
033100
079370
067290
023440
090470
137950
033320
417500
127120
026040
452160
126880
322510
033050
094970
418550
060230
420570
0010V0
052670
412540
199820
038010
080220
337930
229000
082270
034940
067000
309930
033340
357580
440320
348080
072020
000440
051980
228760
314130
389030
303030
036180
208350
446840
144510
340450
358570
382480
382800
051160
053050
130500
388610
119850
065060
204840
311320
456160
388050
018120
109820
086060
363250
007370
285800
085660
261780
900250
351870
094850
004650
362320
066360
047820
016920
284620
140430
313760
317530
071850
198080
210120
050110
452300
900310
063080
307930
079190
263700
214370
221980
038530
024840
455250
464680
478390
486630
492220
0037T0
0072Z0
318000
192250
431190
115500
089150
025880
093320
093640
101000
073010
226360
111870
122450
052900
105330
053080
199430
432470
058400
272110
039420
083550
225430
102370
068100
106080
036560
455180
151860
036030
064820
024880
042040
054410
258610
274090
220260
052400
402030
391710
046070
047770
080530
104540
027050
190650
123410
036690
049430
041960
089890
360350
082660
355150
166480
045970
196450
384470
102940
033290
056360
121850
448710
126730
015710
052330
322780
200130
294570
317690
227100
432720
365270
060280
372320
051780
115180
494120
445680
182360
405100
066310
016600
355390
096240
040350
110790
045520
466100
139670
475430
487720
489480
054780
256940
219130
336680
360070
065130
134580
323280
053620
124560
191420
073640
066700
064520
200230
393210
215480
045340
108230
079970
199800
417790
290090
026150
464280
117730
033830
057680
204610
125020
246710
043220
277880
246690
317240
484810
131100
321550
425040
241790
032540
022220
104480
081150
130740
048770
084730
440110
288330
033540
388870
043200
208340
177830
037070
150900
037030
047310
368770
170790
049120
038950
387570
106240
131760
065690
032800
318010
027710
225590
054300
068050
222110
271830
168360
087010
064800
119500
389140
105760
189690
318020
256630
331380
208710
472850
039980
041910
041020
114630
290720
005670
094940
057880
007330
093380
023900
371950
370090
445180
151910
220100
035200
334970
321260
468530
303360
377220
335810
053160
405000
041590
367000
075130
237820
023770
019570
300080
033790
032580
051380
241820
452450
237750
460940
332570
002230
239890
347740
137400
257370
024940
147760
128660
006140
376180
304840
087600
291810
378340
161580
347770
163730
417180
454640
469880
469900
475240
475250
484130
0041L0
299030
136480
450330
101670
365590
149980
126700
450050
160190
221840
106190
065650
066130
004590
039340
034950
222980
256840
219750
025550
017890
080720
041460
101680
039740
053300
025770
458610
464440
479880
062970
023760
054040
021650
032300
037230
448900
052600
256150
125490
452190
047080
452280
066980
070590
042520
430690
078350
045100
234080
001065
001067
001060
096760
004690
011000
007280
016450
